 ,22, , , , , , , , ,8,16, , , ,12, , ,25,11, , , , , 
 ,8,5,20, ,1,2,25,14, ,10, , ,24,13,23, , , ,9, , , ,4, 
 ,24,23, ,10,15, , , , ,2,18, , ,25, , , , , ,8, , , ,16
 , , , ,21,23, , , , , , ,12,7, , , ,15, ,19, , ,18,9, 
9,25, ,15, , , ,3,11, , , , , , ,5,10,24,6, ,19, , , , 
5, ,17, , , , , , ,4, , , , ,14, , , , , ,20, , ,12,18
19, , , , ,7, , , ,14, , ,24, , , ,13, ,18, , , , , , 
4, ,1, , , , ,2, , ,17, ,6, , , , , , , , , , , , 
 , , , , , ,10,22, , , ,7, , , , , , , ,14,17, ,25, , 
2, , , ,7, , , , , , ,15, ,25, ,10, , , , , , , , ,24
12,2,16, , ,25,7, , ,21,11,3, ,6, , ,15,22,10, , , , , , 
10,17, ,25, , , , , , ,18, , , , , , , , , , , ,2, ,21
 , ,15, , , ,19, , , ,21, ,5,14, ,25,18, , , , , , ,22, 
1, , , , ,10, ,9, , , , , ,12, , , , , ,20,3, ,6, ,25
8, , ,21, ,6,18,12, , , , ,25, , , , ,9, , , ,5,20, , 
21,5, , , , , , ,6, ,7, , , ,15, , ,20, , , , , , , 
 , ,18,2,6,21, , , , , , , , , , , , , , , ,3, , ,15
 , , , , ,18, ,19,8, , ,25, , , , ,12, ,9, , , , , , 
 , , , , ,3,9, , , ,5,13, , , , ,22,8,15, , , , , , 
15,19,8,4, , , , , , , ,20, , ,11, ,24, , , , , , , , 
24,4, , , , , , ,2,15, , , , , , , , ,1,21, , , ,16,20
7, , , ,15, ,8,4, , ,9, ,3, , , , , , , , ,11, , ,5
 , , , , ,22, , , , , , , , , ,15,25,13,8,2, , , , , 
25,13,9,18, , , , , , ,15,8, , , , , , , , ,22, , , , 
22,6,11,8, ,9,21, , , , , ,13, , , , , , , , , , , , 
