 , , , , , , , , , , , , , , , 
 , , , , , , , , , , , , ,13, , 
13, , , , , , , , , , , , , , ,15
 , , , , , , , , , , , , , , , 
 , ,16, , , , , , , , , , , , , 
14,15,6, , , , , , , , , , , , , 
 ,11,3, , , ,10, , , , , , , , , 
 , , , ,3, , , , , , , , , , , 
 , ,12, , , , , , , , , , , , , 
 , , , , , , , , , , , ,2, , , 
 , , , , , , , , , , , , , , , 
8,7, , , , , ,15, , ,2, , , , , 
 , , , , , , , ,5,6, , , , , , 
5, , , , ,3, , , , , , , , , , 
 , , , , ,1, , , , , , ,4, , , 
 , , , ,15, , , , , , , , , , ,10
