 , , , , , , ,6, , , ,7,15, , ,14
 ,14, ,15, , , , ,10,3, , ,5,8,1,9
 , , ,11,15,12, , , , , ,1, , , , 
 , ,10,12, , , , , , , , , , , , 
1, , , ,3,2, ,12, , , , ,11, , , 
9, , , ,6,1,15, ,3, ,5, , , , , 
 ,7, , ,9, , , ,2,14, , , , , , 
 ,2, ,3,11,14, , , , , , ,1,15, , 
2,1, ,10,7, , , , ,12,14, ,4, , , 
 ,5,13, , , , , , ,8,2, ,7, , , 
 , , , , , , , , , , , ,2, , ,3
12, , , , ,16,2,1,15, , , , ,14, , 
 , , , ,2, , , , ,16,13, , , , ,15
 ,12,4,9, , ,13, , , ,6,15,10,16, , 
14, , , , , , , , , ,1, ,6,9, , 
 , , , ,1, , , , , , , , , , , 
