6,16,3, ,9, , ,11, , ,14,10, , , , 
 , ,10,13, , , , , , , , , ,2, , 
 ,5, , ,10,2, , ,13, , , , , , , 
2, , , ,5, , , ,6, , , ,7,11,10,1
 ,6, ,14, , , , , ,11, ,7,13,4,3, 
4,2, ,5,14, ,13, , , ,15, ,8, , , 
13, , , ,2, ,11, , , ,8, ,5, , , 
1,8, , ,4, , , , ,5,13,2,9, , , 
 ,12,5,10, ,9, , , ,13, , , , , , 
 , ,2, , , , , ,11, , , , , , , 
11, , ,16,8, ,2, , ,15, , , ,9, , 
 , , ,9, , , , ,2, , ,6,11, , , 
 , ,16, , , , , , , , , ,4, ,13, 
 , , ,2,1, , ,13,4,14, , , , ,16,8
8, , , , , , , , , , , , , , , 
 , , , , , , ,4, , , , , , , , 
