 , , , , , , , , , , , , , , ,12, , , , , , , , , 
 ,12, , , , , , , , , ,7, , , , ,11,17, , , , , , , 
 , , , , , , , , , ,25, , , , , , , , , , , , ,24,8
 , , , , ,12, , , , , , , , , , ,1, , , , , , , , 
 , , , , ,25, , , , , , , , , , ,8,5, , , , , , , 
8, , , , ,15, , , , , , , , , , , , , , , , ,22, , 
 , , , , , , , , , , , , , , , , , , , , , , , , 
 , , , , , , , , , , , , , , , ,17, , , , , , , , 
 , , , , , ,10, , , , , , , , , , , , , ,7, , , , 
 , , , , ,22, , , , , , , , , ,24,20, , , , , , , , 
 , , , , , , , , , , , , , , , , , , , , , , , , 
 , , , , , , , , , , , , , , ,5, , , , , , , , , 
 , ,24, , , , , , , , , ,22, , , , , , , , , , ,21, 
 , , , , , , , ,22, , , ,12, , ,3, , , , , , ,10, , 
12, ,25, , , , , , , ,5, , , , ,23, , , , , , , , , 
 , , , , , , , , , , , , , , , , , , ,6, , ,11, , 
 , , , , , ,5,4,16, , , , ,18, , ,24, , , ,25, , , , 
 , , , , , , , , , , , , , , , , ,7, , , , , , ,16
3, , , , ,6, , , , , , , , , , , , , , , , , , , 
 , , , , , , , , ,25, ,21, , , , , , , , , , , , , 
 , , , , , ,22, , ,9, , , , , , ,18, , , ,4,23, , ,3
 , , , , , , , , , , , , , , , , , , , , , , , , 
 , ,2, , , , , , , , , , , , , , , , , ,15, , , , 
 , , , , , , , , , ,9, ,10, , , , , , , , , , , , 
10, , , , , , ,13, , ,3, , ,8, , , , , , , , , , , 
