 , , ,5, , , , , , , , , , ,6, 
 , , ,15, , , , , , ,5, ,14,16, , 
 , ,3, , ,8, , , , , , , , , , 
 , , , , , , ,9,15,16,14,6, , ,1,3
 , , , , ,14,11, ,6, , ,4,8, , ,15
14,5,15, ,3, , , , , , , , , , ,10
 , , , ,15, ,6, , , , , , , , , 
6,8,2, , , , , , ,15,3, ,7,9, , 
8,7,9,4, , ,15, , , ,16, , , , ,13
 ,6, , ,8, , , ,11, , , , ,3, , 
3,1, , ,11, , , , ,9, ,13, , , ,16
16, , , ,1,9, ,13,7,6,12, , , , , 
 ,15,13,1,2, , , , , , , , , ,12, 
 , , , , ,15,3, , , , , ,4,1, , 
4, ,16, , , , ,11, , , ,14, , ,2, 
 , , , ,4,1, ,10, , , , , , , , 
