 , , , , , , ,3, , , ,10, , , , 
 , ,11,1, , , , , , , , , , , , 
 , ,15, , , , , , , , , , , , , 
12, , , , , ,2, ,15, , , , , , ,8
2, , ,5, , , , , ,7, , , , , , 
10, , , , , ,9, , , , , , , , , 
 , , , , , , , , , ,1, , , , , 
 , , , , , , ,14, , ,10, , , , , 
 ,10, , , , , , , , , , , , , ,2
 , , , , , , , , , , , , , , , 
 , , , , , , , , , , , , , , , 
 , , , , , , , ,7, , ,1, , , , 
 , , , , , , , , , , , , , , , 
 , , , , , , , , , , , ,4, , , 
4,7, , , , , , , , , , , , , , 
 , , , , , , , ,11, , , , , , , 
