 ,17,18, ,6,4,16, , , , ,7, , , , , , , , ,15,14, , , 
15, , , ,21,2,18, ,13, ,23, , , , , , , , , , , ,24,12, 
2,19,16, , ,12, , ,24,15, , , ,17, , , , , ,20, , ,10, , 
12,20,10, , , , , , , , , , ,2,9,22,24,15,13, ,17, ,5, , 
 , , , ,8,7,20, , ,19,15, , , , , , , , ,10, ,22, , , 
22,6, ,12, ,8, , , , , , , , , ,21,10, , ,15, ,24,18, , 
 , , ,1, ,22, , , , , ,24,9,19, , , , , , , , , , ,5
 , , , , , , ,24, , ,22, , , ,12,1,8, , , , , , , , 
8,24, , , , , , ,4, , , , , ,21, , , , , , , , , ,23
 , , , ,9, ,21, , , ,8, , , , ,18, ,24, , ,11,13, , , 
 , , , ,4, , ,13, , ,1, , , , , , , ,10,24, , , , , 
17, ,19,22, ,11, , , , , , , , , ,4, ,1, , , ,18, , , 
 , , , , , ,7,15, , , , , , , , , ,13, ,14,1, , , , 
 , ,21,6,15,20, ,4,22,8, , , , , , , , , , , , ,19, , 
10, , ,16,24,21,19, , , ,4,11,20, , , ,18, , , ,9, , , , 
18,7,23,25, , , , , , , , , , , ,9, , ,8,5,16,17, , , 
16, , , , , , , , , , ,4,1,9, , , ,7,24, , , ,12,11, 
 , , ,9, , , , , , ,24, ,7, , ,17, , ,1, ,25, , , , 
 , , ,10, , ,9,7, , , , , , , ,2,13, , , ,23,1,20, , 
 , , ,13, , ,4,11,8, , , ,2, , , ,15, ,20, , ,9,14, , 
4,25,9, , , , ,2, , , , , , , , ,1, , , , , , , , 
5, , , , , ,14,8,12, , , , , , , , , , , ,18, , ,1, 
 , , ,8, , , , , , , ,1,13,21,18, , , ,7, ,5,20,15, ,11
7,13, ,21, ,6, , , ,4,14,17, , , ,15, , , ,25, , ,2, , 
6,2, , , , ,15,10, , , , , , ,16, , , , , , , ,22, , 
