4,11,9, , ,8, , , ,5, , ,14, , ,2
3,15,2, ,9, , , ,8, , ,4, , , ,10
6, ,8, , , ,7,16,9, , , , , , , 
 , ,12, ,15, ,6, , , , , ,7,5,8, 
 ,7, , , , ,5,2, , , , , ,16, ,14
5, , , ,10,7, ,12, , , , , ,2, , 
 , ,11,16, , , , ,2, , , ,5,8, , 
2,10, , , , , , , , , , ,12, , , 
 ,2,6, , , , , , ,1, ,7, , , , 
1,9, , , ,10, ,7, , , , , , , , 
 , ,16, , , , ,6, , , , , ,3,14, 
 , , , , , , , ,14, , , , , ,12,9
14,3, , , , , , ,7, , , ,8, , , 
7,4, , , , , , ,13,12,1, , , ,10, 
 ,16, , , , , , , , ,4, , , , , 
 ,8,10,11,16,9, ,1, , , , , , , , 
