 , , , , ,8,16, , ,5, , , , , , 
 , , , , , , , , , , , , , , , 
 , , , , , , , , , , , , , , , 
 , , , , , , , ,8,3, , , , , , 
 , , , , , , , , , , ,4, , , , 
 , , , , ,2, , , , ,11, , , , ,15
 , , , , , , , , , , , , ,11, , 
 , , , , , , , , , , , , , , ,3
3, , , , , , , , , , , , , , , 
 , , , ,10, , , , , , , , , , , 
7, , , , , , , ,9, , , , , , ,13
 , , , ,9, , , , , , ,1, , , ,7
 , , , , , ,1, , , , , , , , , 
 , , , , , , , , , , , , ,3, , 
 , , , , , , ,12,11, , , , , , , 
 , , , , , , , , , , ,6,15, , , 
