14, , , , ,7, , , , ,25,24, , , , , , , ,13, , , , , 
 ,18, , ,24,25, , , , ,4, , ,22,14,8,2,15, , , ,10, , , 
25,2, , , ,15,24,5, , , , , , , , , , ,19, ,13, , , , 
5,19, , ,20,17,9, , , , , , , , , , , ,21, ,18, , , , 
 , , , ,15, , ,16,4, , , , , , , ,18,9, , , , ,19, , 
18,15, , , , , ,11, , ,3,16, , , , , , , ,21, , , , ,19
 , ,20,16, , ,25, , , ,9, , , , , , , , , ,3, , , ,15
 , , , , , , , ,3, , , , , , , , , , , , , ,4, ,9
 , ,11, , ,12, ,6,16, , ,8,15, , ,10, , ,9,3, , , , , 
8, ,25, , , ,13, , , , , , , , , ,7,16,23,19,22,18, ,20, 
22, ,19,14, ,9,5, , ,1, , , , , , , , ,4,18, , , , , 
15, ,23, , , , , , ,11, , , , , , , , , , ,20, , , , 
 ,8, , , , , , , , , , , ,3, ,20,21, , , ,1,19,15, , 
 ,5, , ,9, ,21,17, , ,20, ,11,23, , ,13, , , ,25, , , , 
13, , ,17,21,20,18,19,14,22, ,9, , , , , , , ,1, , ,7,5, 
 ,12,5, , ,2, ,9,20, , , ,7, ,3, , , , , , , , , , 
 ,3,22,20, , , , ,5, , ,23, ,10, , ,9, , , , , , , , 
1,23, , ,2, , ,18, , , , , ,14, , , , , , ,16,9,20, , 
7,9, , , , , , , , , , , , , , , , , ,16, , ,12, ,4
24, , , , , ,4, , ,6, , , , ,21, , , , , , , ,3,17, 
4,20, , , ,24, , , , , , ,23,8, ,16, , , , , , , ,15, 
 , , , ,18,5, ,3, ,2, , , , , , , ,6,17, , ,22, , , 
 , ,21, ,7, , , , , ,16, ,12,25, , , , ,3, ,9,14,6, ,23
10, ,9, ,16,21,20,7, ,14, , , , , ,12, , , , , , , , , 
19,25,2,24,23,10,16, ,11,9,21, , , , ,14,22, , , , , , , , 
