 , , ,23, ,11,15,18, , , , , , ,22, ,9, ,20, , , , , , 
5, , , , ,9, , ,25,3, , , , , ,11, , , ,16, ,21, , , 
 ,11, , , , , , , , ,24, ,19, , , , , , ,23, , , , ,16
 ,9,8, , , ,21, , ,20,18, ,11, , , , , ,1, ,19, , , , 
25,15, , , , , , ,14, , ,17, , , , , , , ,19,10, , ,20, 
17,25, , , , , , , , , ,11, ,1, , , , , , , ,15, , , 
 , , , , ,12,25,5,11, , , , , , ,19,4,24, , ,14, , , , 
 , ,11, , , , ,21,24,18, , , , , , , ,25,15, , ,10,12,9, 
8, ,10, , , , , , , ,21,24,16,18, , , , ,9,6,25, ,17, , 
24,21,16,18,5, , , , , , , , ,4, ,10,3, , ,1, , , , , 
 , , , , , , ,17,20,9, ,7,24, , , , , , , , ,12,3,19, 
 , , , , ,4, ,25, , ,10, , ,17, ,6,24,1, , , , , , , 
4,10,24, ,25, ,18,11, , , , ,1, , , , ,13, ,20,6, ,23, , 
23, , ,11, ,24, , , , ,6,3,18,20, , ,19, , , , , , , , 
6,19,20, , ,23, , , , , , , ,25, ,2, , ,14, , , , ,4, 
2,23, , , , ,4, ,18,6, , , , , , , , , ,11, , , ,17, 
 , , ,22, , ,11, , , , ,16, , ,3, ,2, ,10, , , , , , 
 , ,14, , , , , , , , , , , , ,15,1,17, ,9, ,11, , , 
11, , ,4, , , , ,10, , , , , ,17, , , , ,3, , ,20, , 
 , , , , , , , , , , , , ,5, ,16, ,6, , , , , , , 
 ,18,21,6,15, , ,7, ,11, ,1, , , , ,23,4, ,8, , , , , 
1,4, , ,11, , , , , , , , ,7,16,24, , , , ,9,6, , , 
16, , , , , , ,15, , ,5, , ,8, ,9, , , ,12, , ,1, , 
19, , , ,9,1, , , , , , , , , , ,6,18, ,2,11,3,8,23, 
3,8, , , ,18, , , , , ,9,23, , , , ,11, , , , ,15, , 
