16,6, ,14, ,21,4, , ,13, , , , , ,10,17,1, , , , , , ,23
10,4, ,15, ,16, , , , , , , , , , , ,11,18, , ,17, ,3,7
11, , , ,17,10, , , , ,16, , , , ,21, ,7, , ,5, , , ,25
 ,25, , , ,15, , , , ,10, , , ,21,16, ,6, , ,19, , , , 
7, ,19, , ,3,11, , , , ,5, ,25, , , , , , ,16,10, , ,24
5,10,25, , , ,3,2, ,21, , , , , ,24, , , , , , ,12, , 
 , , ,21, ,1,10, , , ,12, , ,5,18, , ,13,7,6, ,23, , , 
 , , ,3,12, , , , , ,4,25,10, , , , , ,23, , , , ,19,2
19, , , , ,12, , ,25, , , , , , , ,10,20, , , ,18, , , 
 ,18, , , ,19, , , , ,23,14,1, , , , ,3, , , , , ,17, 
23,19,3,24, , ,9, ,10, , , ,2, , , , , ,11, ,14,1, , , 
 , , , , , , ,17, , ,1,4,13,19, , , , , , ,23, ,6, ,20
 ,17, , ,6,20,19,24, , , , ,22, , ,1, , , ,25, , , , , 
20, , , , , ,25,6, ,1,7,10, ,11, ,19,13, , ,23, , , , , 
25, , , ,1, ,2, , , , ,15,6, , , , , , ,21, ,19, , ,4
 , , , , , , , , , , , , , , , ,24, , , , , , , , 
 , , ,9,16, , , , , ,6, ,19, , , ,18, , , ,7,20, , ,13
 , , ,5,7,6,15,22,4, ,20, , , , , , , , ,11, , , , , 
15, , ,8, , , , ,1, , , , , , ,6, , , , ,11,12, , ,18
1,21,4, , , , , , ,18, , , , , , ,7, , , , , ,25, ,3
18,7, , , , , , , , , , , , ,10, , , , , , , , , , 
14,3,2, , , , , ,20, , , , , , , , , ,4, , , , , , 
 , ,16, , , , , , , , , , , , ,2,25,21, , , ,6, , , 
22, ,9, , ,2,12, , , , , , ,13, ,17, , , , , , , , , 
 , , , ,5,14, ,7, , , ,23,8,1,6,18,16, , , ,10,2, , , 
