 , , , , , , ,18, , , , , , , , , ,15, , , , , , , 
17, , , , , , , , ,14, , , , , , , ,3, , , , , , , 
 , , , , , , , , , , , , , , , , , , , , ,1,20, , 
 , , , , , , , , , , , , , , , , , , , , , , , , 
 , , , , , , , , ,19, , , , , ,18, , , , , , ,4, , 
 , ,20, , , , ,9, , , , , ,22, , , , , , , , , , , 
 , , , , , , ,3,12, , , , , , , , , , , , ,16, , , 
 , , , , , , , , , , , , , , , , ,5, , , , ,3, , 
9, , , , ,20, , , , , , , , , , , , , ,19, , , , , 
 , , , , , , , , , , , , ,20, , ,16, , , , , , , , 
16, , , , , , , , , , , , , , , , ,6, , , , , ,25, 
 , , , , , ,16, ,17, , , , , ,3, , , , , , ,18, , , 
 , , , , , , ,20, , , , , , , , , , , , , , , ,24,11
 ,19, , , , , , , , , , , , , , , , , , , , , , , 
 , , , , , , , , , , , , , , , ,1, , , ,5, , , , 
 , , , , , , , , , , , , , ,17, , , , , , ,7, , ,24
7, , , , , , , , , , , , ,1, , , , , , , , ,10, , 
 , , , ,13, ,8, , , , , , ,25, , , , , , , , , , , 
 , , , , , , , , , , , ,9, , , , , , , , , , , , 
 , , , , , ,20, , , ,22, , , , , , , , , , , , , , 
 , , , , , , , ,11, ,4, , , , , ,19,1, , , , , , , 
 , , , , , , , , ,2,16, ,14, , ,17, , , , , , , ,10, 
 , , , , , , , , , , , , , , , , , , , , , , , , 
 , , ,14, ,19, ,12, , , , , , , , , , , , , , , , , 
 , , ,18, ,16, , , , , , , , , , , , , , , , , , , 
