 ,7, , , , , , , ,4,12,15, , , , 
 ,16, , , , , ,10, , , , , , , ,1
 , , , , , , , , , ,16,10, ,6,4, 
 , , , ,8, , , , , , , ,10, , , 
 , , , , ,3, , ,6,10,14, , , ,8,7
6,10, , , , , , ,15, , , , , , , 
 , , ,16,1, ,8, , , , , ,15,10, ,6
8,1, , ,10, ,11, , , , ,9,14, , , 
 , ,8, , , , , ,4, , , ,6, , , 
4, ,9,12, , ,1,7, , ,10,13, , , , 
1, ,11,3,13, , , ,8, , , ,4, ,12, 
 ,13, ,2,12,5,3,9, , , , , , ,14, 
5,2, , ,3, , , , , ,8, ,9, , , 
 ,8, , ,5, , ,14, , , , , ,16,2,12
7, , , , ,8, ,15,9, , , , , , , 
 , ,10, , , , ,16, , , ,7, , , , 
