10, ,22,3,21, , , , , ,2, , , , ,11,13, ,4,8,1, , , , 
 , , , ,16, ,2, , , ,21, ,22,17, , , , , , , , , , , 
4,1, ,17,15, , , , ,5, , , , , ,18,3, , , ,8,14,9,2, 
23,2,18, , ,4, , , , , , ,6, , ,21, , ,25,5, ,15,17, ,11
5, , ,9, ,23,25, , ,14, , ,19, , , ,2, , , , , , ,12, 
14,22,1,11,9, , ,16, , ,12,25, , , , ,5, , , ,6, ,7, , 
6, , , , ,14,22,25, , , , , , ,2,16,10, ,9, , ,24, , ,3
 ,23, , , ,6, , , , ,14, , , ,4, , , , , , , , , , 
13, , ,10, , , , , ,24, ,19,23, , , , ,20,1, , ,22,8, , 
 , , , , ,10, ,8, , , , , , , ,7, , , , , , ,16,13, 
 ,10, ,14, , , , , , , , , , , ,4, , , ,18,3, , , , 
 , , ,1,13, , , ,10,22,3, , , , ,25, , ,24, , , , , , 
 , , , , , ,13,4, , , , , , , , , , , ,1, , , , , 
 , ,5, , , , , , ,8, ,7,2,23, ,3,20, ,17, , ,10, , , 
 , , , , ,9,5, , , , , , , , , , , , , ,12,7,18,1,19
9, , , , ,19, , , , ,6, , , , , , , , ,21, ,12, ,18,22
18,19, , , , , ,11,12, , , , , , , ,22, , , ,10,20,24, , 
22,16,17, , ,18, , , , ,7,5, ,14, , , , ,3, ,21,19, , ,4
3,4, , , ,16, ,5, , ,18, ,9,12, ,19,25,10, , , , , , ,15
 ,21,10, , ,3, , , , , , , , , , ,24, , , , , , , , 
 , ,16, , , ,3,10, , ,5, , , ,19, , , , , ,22, , , , 
7,5, , , , , , , , , , ,25, , , , , ,18,20,9, ,21,8,12
1,3, , , , , , ,8, , , , , ,21,2, , , , , , , ,23, 
21, , , , , , , , , , , , ,2, , , ,17, , , , , , ,25
2,25,13, ,10, , , , , , , , ,6, , , , , ,3, , , , , 
