10, , , ,3,14, , , , ,11, , , ,6, 
 ,9, ,16, , ,2,7, , , , , , , , 
 , , , ,16,6, , ,13,2,3,1, , , , 
 , , , ,13, , , , , ,12,5, , , ,2
 , , , , ,15, , ,5, , , , , ,2, 
2, , ,15, , , , , ,13, , , ,16,7,1
 , ,5, , ,2,7, , ,1, , , , ,3, 
 , , , ,5, ,16, , , , , ,11,13,14, 
13,15,11,4, ,10, , , , , , , , , ,6
 , , , , ,13, ,9,4, ,10, , , ,8, 
 ,7, , ,15, , , , , , ,12, , ,16, 
16, , , ,11, , , , ,3, , , , , ,4
3,2,15, , ,16, , , ,7, , , , , , 
 ,16, ,6,2, , , , ,12, ,8, , , , 
 , , ,14, , , , , , ,5, , , ,4, 
5, , , ,6, , ,12, ,10, ,14, , , ,8
