 , , , , ,10, , ,18,19, ,21,15,3,9, , ,5,23,7, , , , , 
23,24,5,3,19, , , , , ,10, , , , , , , , , , , , ,6, 
 ,16, ,15, ,11,5, , , , , ,14,25, ,22,4, , , ,23, ,24, , 
 ,12,25,1,17,23,15, ,3, ,5,6,24, , , , , , , ,14, ,10, , 
 ,6, , , ,12,16,2, , , ,19, ,20,13,24,14, , , , , , , ,5
14, , , ,15, ,6, ,5, , , , , , , , , , , , , , , , 
 , ,6, , , , , , ,21,23,16,19,8, ,15, , , , , , , ,1,25
8,19,11,23,4,15, , , ,2, , , , , ,3,10, , , , , , , , 
 , , , , , , ,12,16, ,15, ,1,10, ,19,13, , , , ,23, , , 
10, , , , ,14, , , , , ,9, , , , , , , , ,15, , , ,7
6,7, , , , , , , , ,19, ,20, , , , , , , , , , , , 
 , , ,5,10, , ,20,12, , , , , , , , , , , ,16,15, ,24, 
16,20, ,11, , ,22, ,2, , , , , , , ,24, , , ,9, , ,10, 
24,25, , , ,7, ,10, , , , , , , , , , , ,23,11,6,14,21, 
 , , , , , ,24,13, , ,22, , , ,14, , , , , , ,17,5, , 
17, ,12, , , , , , , ,4, , , , , ,22,18, , , , ,7, , 
 , , , ,20,18, ,5,21, ,8, ,3,2, , , , ,11, , , , , , 
18, , , , , ,25, , , , , , ,6, , , ,16,19,8,22, , , , 
25,8, , ,5,24,3,23, , , , , , , , , , , ,10, , , , , 
 , , , , , , , , , ,21,14, , , , , , ,15,20, ,9,1,25,4
 , , , , , , , ,8, , , , ,7, ,13,11,25,4,9,1,14, , ,12
4,9, , , , , , , , ,11, , , , ,6, , , , , , , ,7, 
 , , , , ,5,4, , , , , , ,14, ,2, ,7, , , , , , , 
7, , , , , ,10,3, , ,2, ,22, , , ,21, , , , , , , , 
 ,5, , , , ,9,15,23, ,3, ,6, , , , ,8, , , , , , , 
