11, , , , , , , , ,4, , , , , ,7
 ,12,14, , , , ,16,11, , ,10, , , ,3
 ,3, , , , ,8, , , , , , , , ,2
 , , , ,11,3, ,2, , , , ,10,4, , 
9, ,1, , , ,10, , , , , , , , , 
2,7, , , , ,4,11,9,10, ,16,12, , , 
8,15,11,16, ,1,9, , , , , , ,2,3, 
12, ,10,6,8, , , , ,7,3, ,16, , ,5
 ,2, ,8,5,9, , , , , , , , , , 
3, , , ,10,14, , , ,9, , , ,16, , 
10,4, , ,1,2, , ,16,14, , , , , , 
 ,13, ,14,4, , , ,2, , , , ,10, , 
14,16, , , , , ,1, ,5, , ,9, , , 
5, , , ,9, ,14, , , , , , , , , 
 , , ,9, , , , , , , , , , , , 
 ,8, ,11, , , , ,13, , , , , , , 
