 , , , , , ,8,18,25, , , , , , , , , , , , , , , , 
 , , , , , ,20, , , , , , , ,3,15, , ,4, , , , , , 
 , , , , , , , , , , , , , , ,23, , , , , , , , , 
 , , , , , , , , , , , , , , , , ,13, ,2, , , , , 
 ,18,22, , ,11, , , , , , , , , , , , , , ,19, , , , 
22, , , , ,20, , , , , , , ,12, , , ,4, , , , , , , 
20, , , , , , , , , , , , ,2,22, , , , , , , , , , 
 , , , , , , , , , , , , , ,6, , , , , , , , ,14, 
 , , , , , , , , , , , , , , , , , ,25, , , , , , 
 ,25, , ,4, , , , , , , , , ,14, , , , , , , , , , 
14,16, , , , , , , , , , , , , , , ,25, , , , , , , 
25, , , , , , , , ,3, , , , , , , , , , , , , ,7, 
 , , , , ,25,9, , , ,15, , ,16, , , , , , , , ,18, , 
 , , , , , , , , , ,25, , , , , , , , ,21, , , , , 
21,4, , , , , , , , , , , , , , , , , , , , , , , 
 , , ,24, , , , , , , , , , , , , , , , , , , , , 
13, , ,19, , , , , , ,24, , , , , , , , , , , , , , 
 , ,3, , , , , , , ,10, , , , , , , , , , , , , , 
 , , ,16,10, , , , , , , , ,21, , , , , , , , , , , 
 , , , , , , , , ,23, , , ,11, , , , , , , , , , , 
 , , , , , , , , , , , , , , , ,21, , , , , , , , 
 ,19, , , , , , , , , , , , , ,1, , , , , , , , , 
 , , , , , , , , , , , , , , , , , , , , , , , , 
 , , , , , ,23,8, , , , , , , , , , , , , , , , ,15
 , , , , , , , , , , , ,1, ,10, ,4, , , , , , , , 
