 , , , , , , , ,5, , , , , , , 
 , , ,3, , , , , , , ,6,9,5, , 
5,9, , , , , , , , , , , , , , 
 , , , , , ,10, , , , , , , , , 
 , , , , , , , ,14, , , , , , , 
 , , , , , , , , , , , , , , , 
 , , , , , , , ,10, , , , , , , 
 , ,2, , , , , , , , , , , , , 
 , , , , , , , , , , , , , ,4, 
 , , , , , , , , , ,4, ,14, , ,13
 , , ,9, , , , , , , , , , , , 
 , , , , , , , ,12, , , , , , , 
 , , , , , , , ,9, , , , , , , 
13, , , , , , ,6, , , , ,1,3, , 
 , , , , ,10, ,7, , , , , , , , 
 , , , , ,11, , , , , , , , , , 
