 , , , , , , , , , , , , , , , , , , , , , , , , 
 , , , , , , , , ,22, , , , , , , , , , , ,11, ,19, 
 , , , , , , , , , , , , , , , , , , ,12, , ,18, , 
12, , , , , , , , , ,18, ,3,13,2, , , , , , , , , , 
 , ,1, , , , , , , , , , , , , , , ,2, , , , , , 
 , , ,12, , , , , , ,4,16,8, , , , , , , , , , , , 
3, , , , , , , , , , , , , , , , , , ,18,16, , , , 
 , , ,20, , , , , , , , , , , , , , , , ,22, , , , 
 , , , , , , , ,8, , , , , , , ,10, , , , , ,19, , 
 , ,22, , , ,20, , , , ,24, , , , , , , , , , , , , 
 , , ,16, , , , , , , , , , , ,4, , , , , , , , ,8
8, , , , , , , , , , , , , , , , , , , , , ,11, , 
 , , , ,9,8, ,10, ,25, , , , , , , , , , , , ,6, , 
 , , , , , , , , , , , , , , , , , , , , , ,13, , 
 , , , , , ,23, , , , , , , , , ,5,21, , , , , , , 
5, , , , , , , , , , , , , , , , , , , , ,10, , , 
 , , , , , , , , ,13,5, , , , , ,8, , , , , , , , 
1, , , , , , , , , , , , , , , , , , ,6, , , , , 
 , , , , ,1, , , , , , , , , , , , , , ,8, , , , 
 , , , , , , , ,7, , , , , , , , , ,23, , , , , , 
 , , , , , , , , ,16,9, , , , , , , ,5, , , , , , 
 , , , , ,17, , , , , , , , , , , , , , , , , ,22, 
 , , , , , , , , , , ,10, , , , , , , , , , , , , 
10, , , , , , , , , , , , , , , , , , , , , , , , 
 ,8, , , , , , , , , ,19, , , , , , , , ,18, , , , 
