 , , , , , , , , , ,8,15, , , , ,1,23, , ,12,11,13, , 
 , , , , , , , ,6, , , , , ,22, , ,25, , ,19, , , , 
22, , , ,21, , , , , , ,9, , ,20, , ,6,19, , , , , ,7
 , , ,19, ,13,12, , ,2, ,3,10, , , , , , , , , ,23, , 
2, , , , ,21, , , , , , , , , ,12,22, , ,11, , , , , 
11,5,12,24,16, ,4,10, , , ,21, , , , , , , ,9, , ,8, , 
9,10, , , , , , , , , , , , , , , , , ,4,2, ,24,5, 
 ,4, , , , ,8, ,17,9, ,10, , , , , , , ,24, , , , , 
17,8, , ,13,24, , , , ,9, , , ,25, , , , ,12,11,4, , , 
25,21, , , ,11,18,3, , ,4, , ,20, , ,2, , , ,23,9, ,15,1
20,1,18,3,25,23, , , ,17,15, , ,5,2, ,9, ,4, , ,19, , , 
 ,14, ,4, ,22,5,25,20, ,11, ,17, , , , , , , ,9,8, , , 
5,9, , ,15, , , , ,21, , , , , , , , ,2,17, ,6, , , 
6, , , , , , , ,15, ,3, , , , , , , , , , , , ,16, 
 , , ,12, ,14, , , , ,16,25, , ,4, , , , , , , , ,18, 
 , , ,18, , , , ,24, , ,11, , , ,1, , , ,16, , ,4, , 
4, , , ,20, , , , , , , ,1,14,24, , , , , , , ,2, , 
3,12, ,7, , , , , , ,20, ,4, , ,6,8, , , ,16, , , , 
 ,24, , , , , ,6, , , , , ,2,13, , , , , ,14, , , , 
16,19,5, , ,3,7, , ,20, , ,6, , , ,23, , , , , , ,21, 
 ,2, ,23, , ,16, , ,11, ,19, , , , , , , , , , , , ,25
 , ,8, , , , ,9, , ,14,20, ,4, , ,16, ,13,22,21, ,11, , 
 ,20, , , , ,22,13, , , , , , ,15, ,19, , ,6, ,17, , , 
13,22,4,15, , , ,14, , , , , ,24, , , , , , , ,1, ,6,12
1, , , ,19, , , ,25, , , , , ,23, ,15,20, ,14, ,22, , , 
