14, , , , , , , ,7,4,8, , , , ,13
16,4, ,12,2,1,3, , , , , ,15, , , 
 ,3,5,15,11, , , ,1, , ,10, , , , 
10, , , , , , , ,13, , , , ,3,1, 
5, ,3, , , , , , ,11, , , ,10, ,1
 , ,12, ,14, ,10, , , , , , , ,11, 
 , ,10,14, , , , , , , ,13,5,8, , 
13, , , ,12, ,2,8, ,15, ,3,14, , , 
3, ,14, , , , , , , , , , , , , 
4, , , ,3, , , , , , , , , , , 
 ,8,11, , , , , ,3, , , , , , , 
 , , , ,4,2, , ,8, ,6, , , ,13,3
 ,9,13,11, , , , , , , , ,3,15,16, 
 ,14, , , , , ,2,12, ,3,16,11, , , 
 , , , ,16,4, , , , , , , , , , 
 ,10,4, , , , ,11,15, , , , ,5,7, 
