4, , , , , ,16, , , , ,3, , , , 
 , , , , ,3, , , , , , , , , , 
 , , , , , , ,5,1, , , , , , , 
 , , , , , , , , , , , , , , , 
12,3, , , , , , , , , , , , , , 
 , , , , , , , , , ,7,2, , , , 
 , , , , , , , , , , , , , , , 
 ,14, , , ,12, , , ,1, , , , , , 
 , , , , ,5,15, , , , , ,3, , , 
 , ,10, ,1, , , , , , ,13, , , , 
 , , , , , , , , , , , , , , , 
 , ,1, , , , , , , , , , , , , 
 , , , , , , , , , , , , , , , 
 , , , , , , , , , , , , , , ,2
 , , , , , , , , , , , , ,15, , 
 , , , , ,8, , , ,7,4, , , , , 
