15, , , , ,2, , ,7,13, , , ,6,3,1
14, , ,3,15,13,12, , , , , ,9, , , 
6, , ,8,1,3, , , , , , , , , ,10
2, , ,13,8,6,10, , , , ,11, , , , 
 , , , , ,8,6, ,13,10, , , ,9, , 
 , ,8,2, ,10,15,5,11, ,16, , , , , 
 , , , , , , , ,9,6,8,7, , , , 
 , , ,10,11,7, ,2,1, , , ,14, , , 
 ,9,7, , , , , , ,11,4,2, , , , 
 , , , , ,11, ,12, , , , , , , , 
11, , , , , , , , , ,3, , ,1,14, 
1,14, ,15, , , , , , , , , , , , 
 ,1,6, , , , , , , ,7, , ,8,9, 
 , ,5, , ,1,16, , , , , , , , , 
 , , , , , , ,11,16,14, , , , ,10,3
 , , , ,9, , , , , , ,3, ,16, , 
