 , , , , , , , , , , , , , , , 
 , , , , , , , , , , , , , , ,10
 , , , , , ,6, , , , , , , , , 
 , , ,8, , , , , , , , , , , , 
 , ,5, , , , , ,4, , ,13,6,14, , 
 , , , , , , , , , , ,16, , , , 
 , ,3, ,11, , , , , , , , , , , 
 , , , , , , , , , ,7,6, , , , 
 , , , , ,14, , , , , , , ,9, , 
 , , , , ,16, , , , , , , , , , 
 , , , , , , , , , , , , , , , 
 , , , , , ,3, ,8, , , , , , , 
 , , , ,9, , ,3,13, , , , , , , 
 , , , , , , , , , , , , , , , 
 , , , ,14, , , , , , , , , ,9,2
 ,13, , , , , , , , , , , , , , 
