 , , , , , , , , , , , , , , ,2
 , , , , , , ,10, , , , , , , ,6
 , , , , , , , , , , , , , , , 
 , , , , , , , , , , , , , , , 
 , , , ,12, , , ,5, , , , , , , 
 , , ,11, , , , , , , , , , , , 
 , , , , , , , , ,16, , , , , , 
 , , , , , , , , ,9, , , , , ,1
 , , ,15, , , , , , , , , , , , 
 , , ,6, , ,9, , , , , , , ,2,7
 , , , , , , , , , , , , , , , 
 , , , , ,3, , ,7, , , , , ,1, 
 , , , , , , , , , , , , , , , 
 , , , , , , , , , , , ,5, , , 
 , , , , , , , , , , ,13,2,7, , 
 ,5, , , ,12, , ,16,3, , , , , , 
