7, , , , , , , ,4, , , , , , , , , , , ,9, , , , 
 , , , , , , , , , , , , ,19, , , , , , , , , , , 
 , , , , , , , ,3, , , , , , , , , , , , , , , , 
3, , , , , , , , , , , , , , , , , , , , , , , , 
 , , , ,14, , ,24, , , , , , , ,9, , , , ,22, ,7,4, 
 ,7, , , , , , , , , , , , , , , , ,4, , , ,16, , 
 , , , , , , , , , , , , , , , ,2, , , , , , , , 
5, , , , , , , , , , , , , , ,20, , , , , , ,1, , 
 , , , , , ,8, ,15, , , , , , , , , , ,12, , , , , 
 , , , , , , , , , ,8, , , , ,18, , , , , , , , , 
 , , , , , , , , ,15, , , ,8,11, , ,4, , , , , , , 
 , , , , , , ,14, , , , , , , , , , , , , , , , , 
 , , , , , , , , , , , ,2,10, , , , ,9, , , , , , 
 , , , ,3, , , , , , ,5, , , , , , , , , , , , , 
 , , , ,5, , , , , , , , , , , , , , ,8, , ,24, , 
 ,3, , , ,8, , , ,24, , ,19, , , , , ,23,10, , , , ,4
 , , , , , ,12, , , , , , , , , ,1, , , , , , , , 
 , ,8, , , , , , , , , ,23, , , , , , , , , , , , 
 , , , , , , , , , , , , , , , , , , , , , , , , 
 , , , , , , , , , , , , , , , ,18, , , , , , , , 
 , , , , , , , , , , , , , , , , , , , ,17, , , , 
 , , , ,17, ,5, , , , , , , , , , , , ,4, , , , , 
 , , , , , , , , ,17,11, , , , , , , , , ,7,9, , , 
 , , , , ,14,10, , , , , ,18, , , , , , , , , , , , 
 , , , , , ,7, , , , , , , , , ,8, , , , , , , , 
