 , , , , ,4, , ,3, , , , , , , , , , , , , , ,16, 
 , , , , , , , , , , , , , , , ,9,7, , ,23, , , , 
 , , , ,8, , , ,23, , , , , , , , , , , , , , , , 
 ,6, , , , , , , , , ,3, , , , , , ,5, , ,4, , , 
 , , , ,3, , , , , , , , , , , , , , , , , , , , 
 , ,8, , , , , , , , , , , , , , , , , , , , , , 
 , , ,19, ,8, ,10,15, , , , , , , , , , , , , ,5, ,13
15, , , , , , , , , , , , , , , , , , , , , , , , 
 , , , , , , , , , ,15, , , , , ,20, ,2, ,19, , , , 
2, , , , ,19, , ,25, , , , , , , , , ,11, ,7, , , , 
 , , , , , , , , , , ,17,11, , ,13, , , , , , , , , 
13, , , , , , , , , , ,1,7,10, , ,22, , , , , , , , 
 , , , , , , ,24, , , , , , , , ,1, ,21, , , , , , 
 , , , , , , , , , , , , , , , , , , , , , , , , 
 , , , , , , , , , , , , , , , , , , , , , ,8, , 
 , , , , , , , , , , , , ,6, , , , , , , , , , , 
 , , , ,5, , ,20, ,13, , , , , , , , , , , , , , , 
 , , , , , , , , , , , , , , ,14, ,20, , , , , , , 
 , ,11, , , , , ,22, , , , , , , , , , ,12, , , , , 
1, , , , , , , , , , ,22, , , , , , , , , , , , , 
 , , , , , ,21, , , , ,15, , , , ,2, , , , , , , ,12
 , , ,4, , , , , , , , , , , , , , , , ,1, , , , 
 , , , , , , , , , , , , , , , , , , , , , , , ,18
 , , , , , , , , , , , , , , ,20, , , , , , , , ,23
 , , , , , , , , , , , , , , , , , , , , , , , , 
