 , , , , , , ,22, , , , , , , , , , , , , , , , , 
 , , , , , , , , , , , , , , , , , , , , , , , , 
 , , , ,6, , , , , , , , , , , , , , , , , ,14, , 
 , , , , , , , , , , , , , , ,4, ,5, , , , , , , 
 ,14, , , , , , , , , , , , , , , , , , , , , , ,7
 , , , , ,1, , , , ,2, , , , , , , , , , , , ,24,19
 , , , , , , , , , , , ,10, , , , , , , , , , , , 
 , , , , , , , , , , , , , , , , ,19, , , , , , , 
 , , , , ,17, , , , , , , , , ,10, , , ,9, , , , , 
 ,1, , , , , , , ,2, , , ,9, , , , , , ,25, ,12,15, 
 , , ,14,11, , , ,22, , , , , , , , , , , , ,9, , , 
 , , , , , , , ,14, , , , , , , , , , , , , , , ,22
 , , , , , , , , , , , , , , , , , , , ,19, , , , 
 , , , ,17, , , , , , , , , , , , , , , , , ,10, , 
 , ,12, , , , , , ,16, , , , , , , , , , , , , , , 
 , , , , , ,13, , , , , , , , , , , , , , , , , , 
 , ,10,22, , , , ,23, ,18, , , , , , , , , , , , , , 
 , , ,9, ,10, , , , , , , , , , , , , , , , , , , 
 , , , ,25, , , , , , , , , , , , , ,16, , ,23, , , 
 , , ,18, , , , , ,8, , , , , , , , ,5, , , , , ,20
15, , , , , , , , , , , , , , , , ,18, , , , , ,9, 
19, , , , , , , , , , , , , , , , , , , , , , , , 
 , , , , , , , , , , , , ,24, , , ,6, , , , , , , 
 ,25, , , , , ,4, ,14, , , , ,15, , , , , , , ,11,17, 
 , , ,13, , , , ,10, , , , , , , , , , , , , ,3, , 
