 ,15, , , , ,1,10, , , , ,11, , , , , , , , , , , , 
11, ,8,10, , ,9,15, , ,12, , , ,5, , , , , , , , , , 
5,2, , ,17, ,8,16, , , , ,23, , , , ,21,4,6,18, , , , 
6, , , , ,5, ,4, , , , , , , ,8, , , , , , , , ,1
 , , , , , , , , ,14, , , , ,9, , , ,7,19,4, , , , 
 , , , , , , , , , ,16, , , , ,23, , , , ,6, ,14, ,4
 ,14,9, , ,17, , , ,22, , , , ,1, , , , , , , , ,15, 
4, , , , ,15, ,14, , ,17, ,9, , ,24,7, , , ,8, ,12, , 
 , ,15,8,19,1, , ,9, , ,14,10,22, ,5,6,16, , ,24, , , , 
1,22,17, , ,8, ,25, , ,2, ,24, , ,12,14,15, , , ,3,5, , 
2, ,3,15,25,12, , , , ,4, ,6,20, , , , , , , ,24, ,7, 
21, , , , , , , ,15,25, , , , , , , ,7, , ,23,12, , , 
 , , ,12, , , ,6,4,1,25, , , , , , , ,23, , , , , , 
7,6, , , , , , , , , ,16, , , , , , , ,24, , , , , 
24, ,18, , , ,14, , , ,10,13,1,12, ,25,15, , ,16, , , ,5,8
13,3,5,14, , , , , , , , , , , , , , , , , , , , , 
 , , , , , , , ,23, , ,24, , , ,3, , ,25, ,10, , ,21,17
 , , , , , ,16, , , , , , , ,6,21, , ,24, , , ,2, ,7
10,16,21, , , , , ,14, ,23,20, , ,3,22, , , , , , , , ,19
19, , , , ,3, , , , ,8, ,14, , , , , ,6, , , ,15, , 
 ,24, , , , ,15, , ,6,18,21, ,23, , , , , ,22,14, ,16,8, 
14, , , , , , , , , , , , , , ,4, ,11, , ,25, ,17, , 
 ,19, ,7, ,4, , ,22, ,14,15, , , , , ,10, ,20, ,23, ,3, 
 ,25,1, ,10,7,3, ,8, , ,4, , , , , , , , , , , ,22, 
15, ,4,3, ,10, , ,24, , ,9,13, , , ,21, , , , , , , ,11
