 , , , , , , , , , , , , ,18, , , , , , , , , , , 
 , , , , , , , , , , ,21, , , , , , ,24,18, , , , , 
 , , , , , , , ,6, , , , , ,14, , , , , , , , , , 
 ,18, , , , , , , , , , , , , , , , , , , , , , , 
 , ,16, , , , , , , , , , , , , , , , , ,17, , , , 
16, , , , , , , , , , , , , , ,21,9, , , , , ,13,3, 
 , , , , , , , , , , , , , , , , , , , ,16, , , , 
 , , , , ,16,21, , , , , , , , , , , , , , , ,22, , 
 , , , , , , , , ,3, , , , , , , , ,7, , , ,4,11, 
 ,17, , , , , , , , ,9, , , , , , , , , , , , , , 
 , , , , , , , , , , , , ,7, , , , , , , , , , , 
 , , ,2,10,5, , , , , , , , , , , , , , , , , , , 
 ,15,24, , , , , , , , , , , ,11, , ,7, , , , , , , 
 , , , , , , , , , , , , , , , , , , , , , , , , 
 , , , , , , , , , , , ,23, , , , ,9,2, , , , , , 
 , , , , , , , , , , , , , , , ,21, , , , , , , , 
 , , , , , , ,1,15, , , , , , , , ,2, , , , , , , 
 ,25, , , , , , , ,4, , , , , , , , , , ,18, , , , 
 , , , , , , , ,9, , , , , , , , , , ,3, , , , , 
15, , , , , , , , , , , , , , , , ,16, , , , , , , 
 , , , , , , , , , , ,23,19, , , , , , , , , ,15, , 
 , , , , , , ,13, , , , , ,21, , , , , , , , , , , 
 , , , , ,10, ,15, , , ,13, , , , , , , , , ,17, ,25, 
 , , , , , , , ,16, , , , , , ,14,5, , , , , , , , 
 , , ,8, , , , , , , , , , , , ,22, , ,20, , , , , 
