 , , , , , , , ,12, , , ,14, , , 
6,14,3, ,12, , , , , , , , , ,8, 
12, ,2, , , ,16, , , , , , , , , 
 , ,8, , , , , , , , , , ,5, , 
8, , , , , , , , , , , , , , , 
 , , , , , , , , , , , , , , ,15
 , , , , , , , , , ,4, , , , , 
2, , , , , , , , , , , , ,16, , 
 , , , , , , , , , , , , , , , 
 , , , , , , , ,1,6, , , , , , 
 , , ,4, , , , , , , , , , , , 
 , , , , , , , , , , , , , , , 
 , , , , , , , , , , , , , , , 
 ,13, , , , , , ,15, , , , , , , 
 , , , , , ,1, , , , , ,5, , , 
 , , ,6, , , , , , , , , , , , 
