 , , , , , , , , , , , , ,6, , , ,1, , , , , , , 
 , , ,19, , , , ,21, , , , ,20, , , , , , , , , , , 
9, , , , ,1, , , , ,24, , , , , , , , ,15, , , , , 
 , , ,6, ,9, , , , , , , , , , , , ,8, ,10, , , , 
 , , , , , , , , , , , , , , , , , , , , , , , , 
 , ,11, , , , , , , , , , , , ,21, , , , , , , , , 
 , , , , ,25, , , , , , , , , , , , , , , , , , , 
 ,20, , , , , , , , ,10,22,14, , , , , , , , , ,12, , 
 , , , , , , , , , , , , , , , , , , ,8, , , , , 
8, , , , , , , ,10, , , , , , , , ,11, , , , ,21, , 
 , , , , , , , , , , , , , ,16, ,1, , , , , , , , 
 , , , ,20, ,25, , ,22, , , , , , , , , , , , , , , 
 , , , , , , , , , , , , , , , , , , , ,1, , , , 
 , , ,5, , , , , , , , , , , , , , , , , , , , , 
 , , , , , , , , , , , , , , , ,17, , ,7, ,18, , , 
1, , ,25, , ,16, , , , , , , , , , , , , , , , ,10, 
10, , , , , , , , , , , , , , , , , , ,6,15, , , , 
 , , , , , , , , , , , ,17, , , , , , ,1, , ,18, ,20
 , , , , , , , , , , , ,7,15, , , , , , , , , , , 
 , , , , , , , , , ,8, , , , ,22, , , , , , , , , 
 , , , , , ,11,20, , , , , , , , , , , , , , , , , 
 , , , , ,2,10,7, , , , , ,5, , , , , , , , , , , 
 , , , , , , ,25, , , , , , , ,24, , , , ,6, , , , 
 , , , , ,5, , , , , , , , , , , , , , , , , , , 
 , , , , , ,6, , , , , , , , , , , , , , , , , , 
