16, , , , , ,19, , , , , ,18,21, , , ,17, , , ,13, , ,2
14,21, , , , , , , , ,17, ,19, , , , ,13,2,12, , , ,24, 
2,20,8,13,25, , , , , , , , , ,11, ,7, , , ,22, ,4, , 
5, , ,12, ,13, , , ,1,15, , , , ,10, ,14, ,4, , , , , 
 , , ,24, , , , , , , , , , , , , ,23, , , , , , , 
 , , ,19,8, , ,7, , ,4, , ,25,14,13, , , ,20,10,15, , ,18
7, ,13, , , , , , , ,20, , , ,18,25,14, , , ,6, , , , 
18,17, ,16,24,4,25, ,21, ,7, ,10, ,8, , , , ,11,3, , , , 
 , , , ,3,10, , , ,20, ,12,11, , ,7,15, ,8, , , , ,22,17
25,4,20, , ,17, , , , , , , , , , , ,3,10,23, , , , ,1
 ,10, ,6, ,25, , , , , , , , , , , , , , , , , , , 
 ,25, , , ,6, ,4, ,21, , ,20, , , , ,5, , , , ,18,11, 
 , , , , , , ,13, , , , , , , ,8,12,22, ,18,24, , ,23, 
24,7, , , , ,1, , , , , , ,23, , , , , ,17,13, , , , 
17, , , , , , , ,19,23,13, , , , , , , ,24,15,21, , , , 
23,24, , , , ,13, , , ,9, ,12, , , , , ,3, , , , , , 
10, ,3,20, ,24,11,19,15,2,23,7, , , , , ,8, , , , , , ,13
11,15, ,5, ,20, , , , ,24,13, , , , , , , ,16, , , , , 
 , ,16, ,13,23,4,18, , ,19, , ,20, , , , , , , ,3,6, , 
 , , , , ,22,16, ,3, , ,18,1, , , , , , , , , , ,17, 
 ,13, , , , ,17, , ,24, , , , , , ,3, , , , , , , ,9
 , , , ,15, , , , , ,16, , , , , , , , , , ,14, , , 
 ,16,9,7, , , , , , , ,20, ,17,22, , , , , ,15, ,24, , 
 ,3,25, , ,11, , ,20, ,2,1, , , , , ,12,13,10, , , ,16, 
12, ,11,10,17,16, , , , , , , , , ,19,20, , , , , ,13, , 
