 , , , ,7, , , , , , , , , , , 
 , , ,8, , , , , ,11, , ,1,12, , 
 , , , , , , , , , , , , , , , 
 , , ,7, , , , , , , , , , , ,16
 , , , , , , , , , , , , , , , 
13, , , , , , , , , , , , , , , 
 , , , ,13, , , , ,16, , , , , , 
1, , , , , , , , , , , , , , , 
10, , , , , , , , , , , , , , , 
 , , , ,1, , , , , ,15, , , , , 
 , , , , , , , , , , , , , , , 
 , , , , , , , , , ,5, , , , , 
 , ,16, , , ,12, , , , , ,15, , , 
 , , , ,11, , , , , , ,5, , , ,14
 , , , , , , , , , , , ,11, , , 
11, , , ,16, , , , , ,7, , , , , 
