9,1, , , , , , , , , , , ,13, , 
13, ,7, , , , , , , ,14, ,3, , ,2
 , , ,11,7, , ,16,5, , , , , , , 
4, , , , ,12, , , ,7, , , , , , 
 ,6, , , ,13,7,3, , ,12, , , ,10, 
 , , , ,1,4,11,12,7,14, , , , , , 
7, , ,9, ,14, , , ,11, , , , , , 
14,5,12, ,10,9, , , , , ,16,4,11,3, 
11,4,14, ,16, , , , , , ,1, ,10, ,7
16,10, , ,4,11, , ,14, , , , , , , 
 , , , , , ,12, ,16, , , ,14, , ,4
 ,12, , ,14, , , , , ,10, , , , , 
 , ,4, , , , , , , , ,11,10, , , 
12, ,10,5, ,8, , , , , , , , , ,16
 , , ,1, ,3, ,7, ,12,15, , ,4, , 
15, , , , , , ,1, , , , , ,12, , 
