 , , , , , , , , , , , , , , , , , , , , , , , , 
 ,8, , , , , , , , , , , , ,3, , , , , , ,10, , , 
 , , , ,6, , , , , , , , , , , , , , , , , , , , 
 , , , , , , , , ,2, , , , , , , , , , , , , , , 
2, , , , , , , ,18, , , ,14, , , ,7, , , , , , , , 
 ,3, , , , , , , , , , , , , ,14, , , , , , , , , 
 , , , , , , , ,3, , , , , ,18, , , , , , , , , , 
 , , , , , , , ,15, , , , , , , , , , , , , , , ,4
 , , , , , , , , , , , ,23, ,17, , , , , ,21, , , , 
23,1, , , , , , , , ,24, , , , , ,8, , , , , , , , 
10, , , , , , , , ,16, , , , , , , , , , , ,22, , , 
 , , , , , , , ,25, , , , , , , , , , , , , , , , 
 , , , , , , , , , , , ,20, , , ,13, , , , , , , , 
 , , , , , , , , , ,7,2, , , , , , , ,5, , , , , 
5, , ,25,16, , , , , ,23, , , , , ,20, , , , , , , , 
 ,24, , , , , , , , , , ,1, , , , , , , , , ,25,2, 
 , , , , , , , , , , , , , , , , , , , , ,12, ,21, 
 , , , , , , ,5, , , , ,13,6, , , , , , , ,11, , , 
 , , , , , ,10,1, , , , , , , , , , , , , , , , , 
 , ,25, , , , , ,20, , , , , , , , , , , , , , , , 
 , , , , ,6, , , , , , , , , , , , ,11, , , , , , 
 , , , , , , , , , , ,3,6, , , , , , , , , , , , 
 , , , , ,16, , , , , , , , , , , ,8, , , ,17,6, , 
 , , , , , , ,23, , , , , , , , , , , , , , , , ,20
 , , , , , , , , , ,16, , , , , , , , ,1, , , , , 
