 , , , , , , , , , , , ,11, , , 
 , , , , ,4, ,16, , , ,11, , , , 
 , , , , , , , , , , , , , , , 
 , , , , , , , , , , , ,10, , , 
 , , , ,15, , , , , , , , , , , 
 , , ,15, ,1, , , , , , , , , , 
1, , , , , , , , , , ,9, , , , 
 , , , , , , , , , , , , , , ,15
15, , , , , , , , , , , ,12, , , 
 , , , , , , , , , , , , , , , 
 , , , , , , , , , , , , , , , 
 , , ,13, , , , , , , , , , , , 
 , , ,10,11,13, , , , , , ,9, , , 
 , , , , , , , , , , , , , , ,12
 , , , ,5, , , , ,8, , , , , , 
 , ,5,4, , ,3, , , , , , ,8, , 
