3 3 3 8 8 1 1 1 1 7 2 2 2 4 4
5 3 3 3 8 8 6 6 6 7 9 9 9 4 4
14 12 12 8 8 10 10 13 13 7 15 9 9 9 11
14 14 12 12 8 8 13 13 13 13 15 15 15 24 16
14 14 17 26 20 20 18 13 13 15 15 15 24 24 16
22 14 26 26 20 20 18 32 21 21 23 15 24 19 19
22 26 26 20 20 32 32 32 21 21 23 24 24 24 25
22 26 26 20 20 32 32 32 30 35 23 27 24 28 28
26 26 29 29 32 32 32 32 30 35 35 24 24 31 36
26 34 32 32 32 32 39 39 30 35 35 24 33 36 36
37 34 32 32 32 38 39 39 39 35 35 40 40 36 36
42 42 32 32 32 41 41 39 39 35 35 40 40 36 45
42 42 32 43 43 43 41 41 46 46 35 44 44 44 45
42 42 43 43 43 47 47 48 48 46 46 44 44 44 45
42 42 49 50 50 47 47 48 48 51 46 46 52 52 45
solveTime = 0.5039999485015869
isOptimal = true
lazyCuts  = 708
